
16:31:34.02400

16:31:35.723 设备接收:01 03 74 13 8B 02 9D 00 0F 02 9F 00 00 00 00 00 00 00 00 00 00 09 4A 03 B5 00 00 00 00 00 00 00 00 00 00 00 00 00 00 00 00 00 00 09 36 03 AB 00 00 00 00 00 00 00 00 00 00 00 00 00 00 00 00 00 00 09 43 03 B2 00 00 00 00 00 00 00 00 00 00 00 00 00 00 00 00 00 00 00 00 00 00 00 00 00 00 00 00 00 00 00 00 00 00 00 00 00 00 00 00 00 00 10 0A 10 00 10 0D 03 E5 8C DF

16:31:37.738 设备接收:02 90 02 00 00

16:31:39.791 设备接收:03 03 74 13 8C 0B 10 FF E6 0B 11 00 00 00 00 00 00 00 00 00 00 09 40 0F 9A 00 00 00 00 00 00 00 00 00 00 00 00 00 00 00 00 00 00 09 3B 0F 9F 00 00 00 00 00 00 00 00 00 00 00 00 00 00 00 00 00 00 09 29 0F B8 00 00 00 00 00 00 00 00 00 00 00 00 00 00 00 00 00 00 00 00 0B 10 00 00 00 00 00 00 00 00 00 00 00 00 00 00 00 00 00 00 00 00 00 00 00 00 00 00 00 00 33 02

16:31:41.843 设备接收:04 03 74 13 8B 06 6B 00 0E 06 6B 00 00 00 00 00 00 00 00 00 00 09 2A 09 1E 00 00 00 00 00 00 00 00 00 00 00 00 00 00 00 00 00 00 09 2D 09 25 00 00 00 00 00 00 00 00 00 00 00 00 00 00 00 00 00 00 09 2F 09 1E 00 00 00 00 00 00 00 00 00 00 00 00 00 00 00 00 00 00 00 00 06 6B 00 00 00 00 00 00 00 00 00 00 00 00 00 00 00 00 00 00 00 00 00 00 00 00 00 00 00 00 03 6E

16:31:43.876 设备接收:05 03 74 13 8C 06 D4 FF DC 06 D4 00 00 00 00 00 00 00 00 00 00 09 38 09 AF 00 00 00 00 00 00 00 00 00 00 00 00 00 00 00 00 00 00 09 3E 09 BB 00 00 00 00 00 00 00 00 00 00 00 00 00 00 00 00 00 00 09 3F 09 AA 00 00 00 00 00 00 00 00 00 00 00 00 00 00 00 00 00 00 00 00 06 D4 00 00 00 00 00 00 00 00 00 00 00 00 00 00 00 00 00 00 00 00 00 00 00 00 00 00 00 00 3D 78

16:31:45.927 设备接收:06 03 74 13 8C 04 19 FF FA 04 19 00 00 00 00 00 00 00 00 00 00 09 3A 05 DA 00 00 00 00 00 00 00 00 00 00 00 00 00 00 00 00 00 00 09 39 05 DF 00 00 00 00 00 00 00 00 00 00 00 00 00 00 00 00 00 00 09 38 05 DB 00 00 00 00 00 00 00 00 00 00 00 00 00 00 00 00 00 00 00 00 04 19 00 00 00 00 00 00 00 00 00 00 00 00 00 00 00 00 00 00 00 00 00 00 00 00 00 00 00 00 CE EB

16:31:47.944 设备接收:01 03 74 13 8B 02 A3 00 0E 02 A5 00 00 00 00 00 00 00 00 00 00 09 45 03 BF 00 00 00 00 00 00 00 00 00 00 00 00 00 00 00 00 00 00 09 35 03 B3 00 00 00 00 00 00 00 00 00 00 00 00 00 00 00 00 00 00 09 41 03 BC 00 00 00 00 00 00 00 00 00 00 00 00 00 00 00 00 00 00 00 00 00 00 00 00 00 00 00 00 00 00 00 00 00 00 00 00 00 00 00 00 00 00 10 04 0F FD 10 07 03 E5 42 04

16:31:50.000 设备接收:02 90 02 00 00

16:31:52.013 设备接收:03 03 74 13 8B 0B 1E FF E5 0B 1E 00 00 00 00 00 00 00 00 00 00 09 40 0F B9 00 00 00 00 00 00 00 00 00 00 00 00 00 00 00 00 00 00 09 34 0F B4 00 00 00 00 00 00 00 00 00 00 00 00 00 00 00 00 00 00 09 23 0F D2 00 00 00 00 00 00 00 00 00 00 00 00 00 00 00 00 00 00 00 00 0B 1E 00 00 00 00 00 00 00 00 00 00 00 00 00 00 00 00 00 00 00 00 00 00 00 00 00 00 00 00 01 06

16:31:54.046 设备接收:04 03 74 13 8C 06 71 FF F6 06 71 00 00 00 00 00 00 00 00 00 00 09 28 09 2B 00 00 00 00 00 00 00 00 00 00 00 00 00 00 00 00 00 00 09 2C 09 32 00 00 00 00 00 00 00 00 00 00 00 00 00 00 00 00 00 00 09 2D 09 29 00 00 00 00 00 00 00 00 00 00 00 00 00 00 00 00 00 00 00 00 06 71 00 00 00 00 00 00 00 00 00 00 00 00 00 00 00 00 00 00 00 00 00 00 00 00 00 00 00 00 3C F6

16:31:56.105 设备接收:05 03 74 13 8C 06 D1 FF F6 06 D1 00 00 00 00 00 00 00 00 00 00 09 30 09 AF 00 00 00 00 00 00 00 00 00 00 00 00 00 00 00 00 00 00 09 35 09 B6 00 00 00 00 00 00 00 00 00 00 00 00 00 00 00 00 00 00 09 3C 09 A9 00 00 00 00 00 00 00 00 00 00 00 00 00 00 00 00 00 00 00 00 06 D1 00 00 00 00 00 00 00 00 00 00 00 00 00 00 00 00 00 00 00 00 00 00 00 00 00 00 00 00 65 D5

16:31:58.156 设备接收:06 03 74 13 8B 04 20 FF FB 04 20 00 00 00 00 00 00 00 00 00 00 09 46 05 DD 00 00 00 00 00 00 00 00 00 00 00 00 00 00 00 00 00 00 09 40 05 E0 00 00 00 00 00 00 00 00 00 00 00 00 00 00 00 00 00 00 09 47 05 DD 00 00 00 00 00 00 00 00 00 00 00 00 00 00 00 00 00 00 00 00 04 20 00 00 00 00 00 00 00 00 00 00 00 00 00 00 00 00 00 00 00 00 00 00 00 00 00 00 00 00 66 80

16:32:00.191 设备接收:01 03 74 13 8B 02 A3 00 14 02 A5 00 00 00 00 00 00 00 00 00 00 09 48 03 BD 00 00 00 00 00 00 00 00 00 00 00 00 00 00 00 00 00 00 09 36 03 B3 00 00 00 00 00 00 00 00 00 00 00 00 00 00 00 00 00 00 09 45 03 BB 00 00 00 00 00 00 00 00 00 00 00 00 00 00 00 00 00 00 00 00 00 00 00 00 00 00 00 00 00 00 00 00 00 00 00 00 00 00 00 00 00 00 10 06 10 03 10 0D 03 E5 DF DE

16:32:02.226 设备接收:02 90 02 00 00

16:32:04.262 设备接收:03 03 74 13 8C 0B 17 FF E9 0B 18 00 00 00 00 00 00 00 00 00 00 09 3C 0F B1 00 00 00 00 00 00 00 00 00 00 00 00 00 00 00 00 00 00 09 31 0F B4 00 00 00 00 00 00 00 00 00 00 00 00 00 00 00 00 00 00 09 21 0F D0 00 00 00 00 00 00 00 00 00 00 00 00 00 00 00 00 00 00 00 00 0B 17 00 00 00 00 00 00 00 00 00 00 00 00 00 00 00 00 00 00 00 00 00 00 00 00 00 00 00 00 7F F1

16:32:06.296 设备接收:04 03 74 13 8B 06 6D FF F6 06 6D 00 00 00 00 00 00 00 00 00 00 09 23 09 27 00 00 00 00 00 00 00 00 00 00 00 00 00 00 00 00 00 00 09 29 09 32 00 00 00 00 00 00 00 00 00 00 00 00 00 00 00 00 00 00 09 26 09 2C 00 00 00 00 00 00 00 00 00 00 00 00 00 00 00 00 00 00 00 00 06 6D 00 00 00 00 00 00 00 00 00 00 00 00 00 00 00 00 00 00 00 00 00 00 00 00 00 00 00 00 AA D7

16:32:08.353 设备接收:05 03 74 13 8B 06 CF FF F5 06 CF 00 00 00 00 00 00 00 00 00 00 09 27 09 B1 00 00 00 00 00 00 00 00 00 00 00 00 00 00 00 00 00 00 09 33 09 BB 00 00 00 00 00 00 00 00 00 00 00 00 00 00 00 00 00 00 09 31 09 B2 00 00 00 00 00 00 00 00 00 00 00 00 00 00 00 00 00 00 00 00 06 CF 00 00 00 00 00 00 00 00 00 00 00 00 00 00 00 00 00 00 00 00 00 00 00 00 00 00 00 00 E6 BF

16:32:10.390 设备接收:06 03 74 13 8C 04 26 FF F9 04 26 00 00 00 00 00 00 00 00 00 00 09 4C 05 E2 00 00 00 00 00 00 00 00 00 00 00 00 00 00 00 00 00 00 09 47 05 E8 00 00 00 00 00 00 00 00 00 00 00 00 00 00 00 00 00 00 09 49 05 E5 00 00 00 00 00 00 00 00 00 00 00 00 00 00 00 00 00 00 00 00 04 26 00 00 00 00 00 00 00 00 00 00 00 00 00 00 00 00 00 00 00 00 00 00 00 00 00 00 00 00 11 BC

16:32:12.423 设备接收:01 03 74 13 8C 02 A5 00 0E 02 A8 00 00 00 00 00 00 00 00 00 00 09 3F 03 C4 00 00 00 00 00 00 00 00 00 00 00 00 00 00 00 00 00 00 09 2F 03 BB 00 00 00 00 00 00 00 00 00 00 00 00 00 00 00 00 00 00 09 3D 03 C2 00 00 00 00 00 00 00 00 00 00 00 00 00 00 00 00 00 00 00 00 00 00 00 00 00 00 00 00 00 00 00 00 00 00 00 00 00 00 00 00 00 00 0F F9 0F F7 0F FE 03 E3 4D 9F

16:32:14.453 设备接收:02 90 02 00 00

