

14:54:29.830 设备接收:05 03 74 13 89 14 FC 00 2D 14 FD 00 00 00 00 00 00 00 00 00 00 09 AB 1C 1B 00 00 00 00 00 00 00 00 00 00 00 00 00 00 00 00 00 00 09 C4 1C 17 00 00 00 00 00 00 00 00 00 00 00 00 00 00 00 00 00 00 09 C4 1C 18 00 00 00 00 00 00 00 00 00 00 00 00 00 00 00 00 00 00 00 00 14 FC 00 00 00 00 00 00 00 00 00 00 00 00 00 00 00 00 00 00 00 00 00 00 00 00 00 00 00 00 B1 51

14:54:31.857 设备接收:06 03 74 13 88 0C F7 FF EA 0C F7 00 00 00 00 00 00 00 00 00 00 09 C7 11 47 00 00 00 00 00 00 00 00 00 00 00 00 00 00 00 00 00 00 09 D1 11 37 00 00 00 00 00 00 00 00 00 00 00 00 00 00 00 00 00 00 09 D0 11 3E 00 00 00 00 00 00 00 00 00 00 00 00 00 00 00 00 00 00 00 00 0C F7 00 00 00 00 00 00 00 00 00 00 00 00 00 00 00 00 00 00 00 00 00 00 00 00 00

14:54:33.895 设备接收:00 00 00 78 58

14:54:35.919 设备接收:01 03 FC

14:54:37.970 设备接收:02 90

14:54:40.014 设备接收:03 03

14:54:42.003 设备接收:05 03 74 13 8A 14 EE FF 8C 14 F0 00 00 00 00 00 00 00 00 00 00 09 A8 1C 31 00 00 00 00 00 00 00 00 00 00 00 00 00 00 00 00 00 00 09 BF 1C 19 00 00 00 00 00 00 00 00 00 00 00 00 00 00 00 00 00 00 09 BB 1C 0B 00 00 00 00 00 00 00 00 00 00 00 00 00 00 00 00 00 00 00 00 14 EE 00 00 00 00 00 00 00 00 00 00 00 00 00 00 00 00 00 00 00 00 00 00 00 00 00 00 00 00 05 7C

14:54:44.057 设备接收:06 03 74 13 8C 0D 06 FF BC 0D 06 00 00 00 00 00 00 00 00 00 00 09 DB 11 36 00 00 00 00 00 00 00 00 00 00 00 00 00 00 00 00 00 00 09 E6 11 2F 00 00 00 00 00 00 00 00 00 00 00 00 00 00 00 00 00 00 09 E5 11 30 00 00 00 00 00 00 00 00 00 00 00 00 00 00 00 00 00 00 00 00 0D 06 00 00 00 00 00 00 00 00 00 00 00 00 00 00 00 00 00 00 00 00 00 00 00 00 00 00 00 00 27 58

14:54:46.132 设备接收:01 03 74 13 8B 08 20 FF EF 08 22 00 00 00 00 00 00 00 00 00 00 09 AD 0A FF 00 00 00 00 00 00 00 00 00 00 00 00 00 00 00 00 00 00 09 93 0A F3 00 00 00 00 00 00 00 00 00 00 00 00 00 00 00 00 00 00 09 B0 0A FC 00 00 00 00 00 00 00 00 00 00 00 00 00 00 00 00 00 00 00 00 00 00 00 00 00 00 00 00 00 00 00 00 00 00 00 00 00 00 00 00 00 00 10 A9 10 B0 10 C7 FC 19 A2 F8

14:54:48.126 设备接收:02 90 02 00 00

14:54:50.163 设备接收:03 03 74

14:54:52.200 设备接收:04 03 74 13 8B 13 E5 FF E2 13 E5 00 00 00 00 00 00 00 00 00 00 09 9A 1A DD 00 00 00 00 00 00 00 00 00 00 00 00 00 00 00 00 00 00 09 A5 1A E6 00 00 00 00 00 00 00 00 00 00 00 00 00 00 00 00 00 00 09 AC 1A D6 00 00 00 00 00 00 00 00 00 00 00 00 00 00 00 00 00 00 00 00 13 E5 00 00 00 00 00 00 00 00 00 00 00 00 00 00 00 00 00 00 00 00 00 00 00 00 00 00 00 00 C7 09

14:54:54.233 设备接收:05 03 74 13 8B 14 F0 FF 8D 14 F1 00 00 00 00 00 00 00 00 00 00 09 A2 1C 46 00 00 00 00 00 00 00 00 00 00 00 00 00 00 00 00 00 00 09 B9 1C 35 00 00 00 00 00 00 00 00 00 00 00 00 00 00 00 00 00 00 09 B2 1C 24 00 00 00 00 00 00 00 00 00 00 00 00 00 00 00 00 00 00 00 00 14 F0 00 00 00 00 00 00 00 00 00 00 00 00 00 00 00 00 00 00 00 00 00 00 00 00 00 00 00 00 7B 4D

14:54:56.285 设备接收:06 03 74 13 8B 0D 01 FF EC 0D 01 00 00 00 00 00 00 00 00 00 00 09 CE 11 3E 00 00 00 00 00 00 00 00 00 00 00 00 00 00 00 00 00 00 09 DF 11 33 00 00 00 00 00 00 00 00 00 00 00 00 00 00 00 00 00 00 09 D8 11 3B 00 00 00 00 00 00 00 00 00 00 00 00 00 00 00 00 00 00 00 00 0D 01 00 00 00 00 00 00 00 00 00 00 00 00 00 00 00 00 00 00 00 00 00 00 00 00 00 00 00 00 20 7C

14:54:58.340 设备接收:01 03 74 13 8C 08 19 FF E0 08 1C 00 00 00 00 00 00 00 00 00 00 09 B5 0A F3 00 00 00 00 00 00 00 00 00 00 00 00 00 00 00 00 00 00 09 98 0A E4 00 00 00 00 00 00 00 00 00 00 00 00 00 00 00 00 00 00 09 B3 0A ED 00 00 00 00 00 00 00 00 00 00 00 00 00 00 00 00 00 00 00 00 00 00 00 00 00 00 00 00 00 00 00 00 00 00 00 
00 00 00 
00 00 00 00 
10 B6 
10 B5 
10 D2 
FC 1A 
2C F9

14:55:00.377 设备接收:02 90 02 00 00

14:55:02.414 设备接收:03 03 74 13 8C 22 FA FF 36 22 FC 00 00 00 00 00 00 00 00 00 00 09 AF 2F 20 00 00 00 00 00 00 00 00 00 00 00 00 00 00 00 00 00 00 09 B7 2F 3B 00 00 00 00 00 00 00 00 00 00 00 00 00 00 00 00 00 00 09 9E 2F 34 00 00 00 00 00 00 00 00 00 00 00 00 00 00 00 00 00 00 00 00 22 FA 00 00 00 00 00 00 00 00 00 00 00 00 00 00 00 00 00 00 00 00 00 00 00 00 00 00 00 00 67 6C

14:55:04.443 设备接收:04 03 74 13 8E 13 CE FF E2 13 CE 00 00 00 00 00 00 00 00 00 00 09 9C 1A B6 00 00 00 00 00 00 00 00 00 00 00 00 00 00 00 00 00 00 09 A8 1A C3 00 00 00 00 00 00 00 00 00 00 00 00 00 00 00 00 00 00 09 AE 1A B7 00 00 00 00 00 00 00 00 00 00 00 00 00 00 00 00 00 00 00 00 13 CE 00 00 00 00 00 00 00 00 00 00 00 00 00 00 00 00 00 00 00 00 00 00 00 00 00 00 00 00 71 C6

14:55:06.477 设备接收:05 03 74 13 8B 14 F2 FF DD 14 F2 00 00 00 00 00 00 00 00 00 00 09 A7 1C 23 00 00 00 00 00 00 00 00 00 00 00 00 00 00 00 00 00 00 09 BF 1C 21 00 00 00 00 00 00 00 00 00 00 00 00 00 00 00 00 00 00 09 BF 1C 11 00 00 00 00 00 00 00 00 00 00 00 00 00 00 00 00 00 00 00 00 14 F2 00 00 00 00 00 00 00 00 00 00 00 00 00 00 00 00 00 00 00 00 00 00 00 00 00 00 00 00 31 B1

14:55:08.530 设备接收:06 03 74 13 8C 0C F3 FF EE 0C F3 00 00 00 00 00 00 00 00 00 00 09 CF 11 3B 00 00 00 00 00 00 00 00 00 00 00 00 00 00 00 00 00 00 09 D8 11 22 00 00 00 00 00 00 00 00 00 00 00 00 00 00 00 00 00 00 09 D5 11 29 00 00 00 00 00 00 00 00 00 00 00 00 00 00 00 00 00 00 00 00 0C F3 00 00 00 00 00 00 00 00 00 00 00 00 00 00 00 00 00 00 00 00 00 00 00 00 00 00 00 00 9C 76

14:55:10.581 设备接收:01 03 74 13 8C 08 1A 00 02 08 1C 00 00 00 00 00 00 00 00 00 00 09 B4 0A EE 00 00 00 00 00 00 00 00 00 00 00 00 00 00 00 00 00 00 09 9A 0A E2 00 00 00 00 00 00 00 00 00 00 00 00 00 00 00 00 00 00 09 B7 0A EC 00 00 00 00 00 00 00 00 00 00 00 00 00 00 00 00 00 00 00 00 00 00 00 00 00 00 00 00 00 00 00 00 00 00 00 00 00 00 00 00 00 00 10 B5 10 BC 10 D4 03 E7 AC FF

14:55:12.608 设备接收:02 90 02 00 00

